baseline_ref=ed903ae02e53d14b42f533c24ab7237870d549ff
candidate_ref=a32efa8e26e1ada223ce126805352774d0d530ba
compiler=clang
profile=avx2-only
avx2_backend=core
arch_cflags=-march=x86-64-v3 -mavx2 -mbmi2 -mpopcnt -mno-avx512f
product_core=BABY_MLKEM_DISABLE_INTERNAL_CACHES
baseline_product_sha256=86f0f636e8cf18b7db4e8c74fb4b8f3ae258a0450eead10f3c683bcd1d655d45
candidate_product_sha256=707c90499c2dd27a8cb634cb1d148a8a553052ae9a44fa0b62d77002767910f2
baseline_benchmark_sha256=b8687b7e78174e685a5226e1bfe64af9fd9e4f1bda23f9cce02722a3bf2e2a28
candidate_benchmark_sha256=ea97fc9f120b75696364ed1414e09770340dc090280e5ae6772041b9cc3f2b8d
common_harness_object_sha256=dbb898fba2eaea946e24274382339f6622b8234918377e085850d8ef84f49985
batch=3
warmup_pairs=3
measured_pairs=16
iterations=100000
pin_cpu=0
run_order=alternating, odd baseline-first
speedup_direction=baseline_time/candidate_time
normal_core_alias_check=PASS

run order base_keygen cand_keygen base_encaps cand_encaps base_decaps cand_decaps base_roundtrip cand_roundtrip
01 baseline-first 5786.60 5917.97 4642.25 4731.90 4638.65 4642.26 15395.68 15609.46
02 candidate-first 5770.89 5775.45 4645.96 4664.47 4642.70 5138.00 15392.78 15928.68
03 baseline-first 5776.36 5780.35 4653.79 4654.47 4974.60 4649.75 15766.59 15388.98
04 candidate-first 5801.84 5771.58 4653.36 4653.19 4643.15 4646.65 15381.65 15371.81
05 baseline-first 5776.45 5769.81 4662.14 4646.25 4649.89 4646.86 15370.95 15368.01
06 candidate-first 5782.25 5864.40 4678.08 4954.05 4642.07 4734.61 15388.25 15870.92
07 baseline-first 5772.10 5772.50 4652.58 4652.58 4660.05 4645.62 15394.52 15404.34
08 candidate-first 5769.63 5771.97 4651.00 4644.04 5144.35 4732.89 15872.61 15476.42
09 baseline-first 5792.30 5788.74 4667.69 4660.70 4651.87 4657.14 15460.71 15390.74
10 candidate-first 5801.42 5796.94 4663.67 4656.92 4672.67 4681.73 15437.56 15444.02
11 baseline-first 5783.34 5796.58 4661.04 4670.00 4654.53 4655.26 15413.10 15411.49
12 candidate-first 5802.32 5796.17 4674.59 4668.21 4655.57 4682.77 15439.08 15441.60
13 baseline-first 5791.90 5829.47 4659.53 4650.94 4669.49 4650.30 15449.46 15394.85
14 candidate-first 5776.67 5788.42 4659.30 4656.38 4658.12 4651.80 15423.63 15393.15
15 baseline-first 5780.72 5779.26 4660.82 4657.76 4654.48 4653.05 15383.00 15396.40
16 candidate-first 5817.02 5797.11 4690.02 4742.70 4669.33 4661.92 15460.66 15518.67

metric gmean median wins baseline_first_median candidate_first_median
keygen 0.997703450 0.999762649 7/16 0.999620218 1.000183707
encaps 0.994933635 1.000331815 9/16 1.000328484 1.000331815
decaps 1.001897373 1.000075257 8/16 1.000479689 0.998655794
roundtrip 0.998487235 0.999970636 8/16 1.000147887 0.999709260
