baseline_ref=ed903ae02e53d14b42f533c24ab7237870d549ff
candidate_ref=a32efa8e26e1ada223ce126805352774d0d530ba
compiler=clang
profile=avx2-only
avx2_backend=core
arch_cflags=-march=x86-64-v3 -mavx2 -mbmi2 -mpopcnt -mno-avx512f
product_core=BABY_MLKEM_DISABLE_INTERNAL_CACHES
baseline_product_sha256=86f0f636e8cf18b7db4e8c74fb4b8f3ae258a0450eead10f3c683bcd1d655d45
candidate_product_sha256=707c90499c2dd27a8cb634cb1d148a8a553052ae9a44fa0b62d77002767910f2
baseline_benchmark_sha256=b8687b7e78174e685a5226e1bfe64af9fd9e4f1bda23f9cce02722a3bf2e2a28
candidate_benchmark_sha256=ea97fc9f120b75696364ed1414e09770340dc090280e5ae6772041b9cc3f2b8d
common_harness_object_sha256=dbb898fba2eaea946e24274382339f6622b8234918377e085850d8ef84f49985
batch=2
warmup_pairs=3
measured_pairs=16
iterations=100000
pin_cpu=0
run_order=alternating, odd candidate-first
speedup_direction=baseline_time/candidate_time
normal_core_alias_check=PASS

run order base_keygen cand_keygen base_encaps cand_encaps base_decaps cand_decaps base_roundtrip cand_roundtrip
01 candidate-first 5819.26 5776.38 4644.05 4652.95 4636.39 4701.01 15364.81 15420.90
02 baseline-first 6228.37 5775.75 4782.60 4661.19 4657.42 5014.10 16006.92 15793.23
03 candidate-first 5776.82 5782.43 4640.97 4878.20 4638.03 4730.26 15350.93 15731.62
04 baseline-first 5784.55 5769.17 4654.71 4649.45 4738.79 4640.64 15516.49 15371.05
05 candidate-first 5778.78 5950.21 4654.36 4663.98 4716.80 4640.18 15422.64 15559.64
06 baseline-first 5774.23 5768.31 4657.00 4645.06 4645.21 4768.72 15415.86 15502.05
07 candidate-first 5767.89 5781.85 4645.35 4661.46 4634.74 4720.06 15356.71 15491.89
08 baseline-first 6092.15 5776.27 4656.40 4682.11 4652.99 4639.47 15726.03 15401.23
09 candidate-first 5781.84 5793.25 4641.81 4691.15 4667.85 4718.17 15429.66 15537.31
10 baseline-first 5774.26 5774.51 4646.47 4641.73 4675.18 4638.26 15403.48 15356.47
11 candidate-first 5821.27 5794.01 4645.20 4649.10 4994.39 4647.42 15819.14 15375.64
12 baseline-first 5806.76 5776.72 4670.12 4806.30 4639.45 4691.58 15426.31 15602.43
13 candidate-first 5865.93 5802.11 4659.89 4638.88 4975.21 4638.41 15860.65 15351.47
14 baseline-first 5783.99 5774.37 4683.81 4690.56 4637.43 4641.57 15399.26 15412.45
15 candidate-first 5773.07 5774.56 4642.11 4644.19 4669.07 4643.28 15399.79 15348.81
16 baseline-first 5782.69 5768.46 4651.64 4643.21 5020.30 4636.37 15763.49 15357.02

metric gmean median wins baseline_first_median candidate_first_median
keygen 1.008147200 1.002066423 10/16 1.002566379 0.999385896
encaps 0.995754096 0.998861034 6/16 1.001076244 0.998012309
decaps 1.006316484 1.001011093 8/16 1.001011093 0.997444556
roundtrip 1.004184022 1.001102724 8/16 1.006261597 0.994717122
