baseline_ref=ed903ae02e53d14b42f533c24ab7237870d549ff
candidate_ref=a32efa8e26e1ada223ce126805352774d0d530ba
compiler=clang
profile=avx2-only
avx2_backend=core
arch_cflags=-march=x86-64-v3 -mavx2 -mbmi2 -mpopcnt -mno-avx512f
product_core=BABY_MLKEM_DISABLE_INTERNAL_CACHES
baseline_product_sha256=86f0f636e8cf18b7db4e8c74fb4b8f3ae258a0450eead10f3c683bcd1d655d45
candidate_product_sha256=707c90499c2dd27a8cb634cb1d148a8a553052ae9a44fa0b62d77002767910f2
baseline_benchmark_sha256=b8687b7e78174e685a5226e1bfe64af9fd9e4f1bda23f9cce02722a3bf2e2a28
candidate_benchmark_sha256=ea97fc9f120b75696364ed1414e09770340dc090280e5ae6772041b9cc3f2b8d
common_harness_object_sha256=dbb898fba2eaea946e24274382339f6622b8234918377e085850d8ef84f49985
batch=4
warmup_pairs=3
measured_pairs=16
iterations=100000
pin_cpu=0
run_order=alternating, odd candidate-first
speedup_direction=baseline_time/candidate_time
normal_core_alias_check=PASS

run order base_keygen cand_keygen base_encaps cand_encaps base_decaps cand_decaps base_roundtrip cand_roundtrip
01 candidate-first 5801.27 5787.36 4663.65 4655.97 4655.19 4652.66 15419.30 15388.87
02 baseline-first 5786.94 5796.61 4691.22 4663.61 4656.47 4660.72 15420.07 15457.97
03 candidate-first 5784.17 5793.39 4663.28 4663.56 4667.03 4670.93 15421.21 15453.69
04 baseline-first 5796.35 5786.30 4737.41 4667.61 4677.29 4657.23 15487.77 15414.56
05 candidate-first 5791.98 5853.14 4703.43 4653.27 4668.57 4665.90 15458.16 15532.01
06 baseline-first 5801.20 5804.29 4662.51 4676.83 4658.51 4659.04 15400.87 15426.85
07 candidate-first 5814.50 5784.66 4649.03 4682.99 4653.85 4642.92 15396.89 15340.28
08 baseline-first 5790.52 5853.20 4653.50 4680.48 4651.57 4681.72 15387.78 15550.03
09 candidate-first 5773.77 5770.87 4651.50 4644.72 4645.28 4639.76 15368.09 15370.28
10 baseline-first 5775.52 5784.06 4652.70 4665.70 4655.89 4689.68 15385.60 15409.12
11 candidate-first 5794.91 5788.14 4654.17 4664.08 4755.72 4652.90 15514.63 15468.56
12 baseline-first 5821.32 5787.92 4679.01 4658.00 4662.53 4649.79 15429.77 15393.24
13 candidate-first 5866.73 5790.21 4765.76 4687.22 4702.60 4657.59 15641.80 15432.04
14 baseline-first 5780.69 5775.60 4658.92 4652.76 4651.28 4650.48 15388.88 15390.29
15 candidate-first 5833.83 5779.59 4682.86 4648.47 4811.31 4656.73 15564.05 15423.38
16 baseline-first 5778.55 5760.64 4648.71 4651.32 4671.13 4640.48 15403.29 15361.95

metric gmean median wins baseline_first_median candidate_first_median
keygen 1.001039204 1.001025463 10/16 1.000174464 1.001786573
encaps 1.002673708 1.001391834 9/16 1.000381407 1.001554609
decaps 1.004197712 1.000880977 11/16 1.000029134 1.001771919
roundtrip 1.001109869 1.000942893 8/16 0.999191007 1.002477851
