baseline_ref=ed903ae02e53d14b42f533c24ab7237870d549ff
candidate_ref=a32efa8e26e1ada223ce126805352774d0d530ba
compiler=clang
profile=avx2-only
avx2_backend=core
arch_cflags=-march=x86-64-v3 -mavx2 -mbmi2 -mpopcnt -mno-avx512f
product_core=BABY_MLKEM_DISABLE_INTERNAL_CACHES
baseline_product_sha256=86f0f636e8cf18b7db4e8c74fb4b8f3ae258a0450eead10f3c683bcd1d655d45
candidate_product_sha256=707c90499c2dd27a8cb634cb1d148a8a553052ae9a44fa0b62d77002767910f2
baseline_benchmark_sha256=b8687b7e78174e685a5226e1bfe64af9fd9e4f1bda23f9cce02722a3bf2e2a28
candidate_benchmark_sha256=ea97fc9f120b75696364ed1414e09770340dc090280e5ae6772041b9cc3f2b8d
common_harness_object_sha256=dbb898fba2eaea946e24274382339f6622b8234918377e085850d8ef84f49985
batch=1
warmup_pairs=3
measured_pairs=16
iterations=100000
pin_cpu=0
run_order=alternating, odd baseline-first
speedup_direction=baseline_time/candidate_time
normal_core_alias_check=PASS

run order base_keygen cand_keygen base_encaps cand_encaps base_decaps cand_decaps base_roundtrip cand_roundtrip
01 baseline-first 5818.99 5767.48 4646.55 4639.67 4640.83 4654.57 15388.65 15371.10
02 candidate-first 5770.74 5845.01 4643.07 4650.27 4629.76 4665.98 15359.23 15489.79
03 baseline-first 5790.55 5767.62 4637.60 4643.15 4631.01 4637.15 15382.07 15400.79
04 candidate-first 5769.26 5899.33 4636.67 4692.40 4628.67 4732.10 15344.08 15644.22
05 baseline-first 5766.13 5772.25 4676.62 4641.84 4674.85 4639.51 15373.82 15400.61
06 candidate-first 5963.23 5769.06 4663.37 4647.52 4654.40 4677.66 15592.45 15399.00
07 baseline-first 5793.66 5826.88 4669.61 4652.70 4651.25 4637.35 15406.69 15435.14
08 candidate-first 5765.44 5781.78 4650.67 4648.19 4655.47 4634.73 15377.84 15398.77
09 baseline-first 5767.73 5996.49 4640.75 4664.29 4636.57 4657.05 15423.94 15637.06
10 candidate-first 5773.52 5767.58 4652.35 4644.81 4643.32 4652.95 15369.70 15395.21
11 baseline-first 5759.37 5797.30 4649.27 4641.56 4644.37 4977.27 15389.53 15769.20
12 candidate-first 5770.41 5784.66 4653.35 4648.27 4634.87 4978.46 15359.55 15753.73
13 baseline-first 6007.59 5774.62 4667.60 4675.25 4639.42 4654.09 15624.53 15417.44
14 candidate-first 5767.12 5773.16 4641.09 4641.92 4634.56 4641.06 15368.93 15375.01
15 baseline-first 5775.37 5783.03 4731.72 4653.16 4673.44 4654.31 15545.13 15395.39
16 candidate-first 5799.96 5805.60 4657.20 4661.85 4654.98 4650.97 15420.45 15433.77

metric gmean median wins baseline_first_median candidate_first_median
keygen 0.999411490 0.998807595 5/16 0.998807595 0.998245184
encaps 1.000941777 1.000813210 9/16 1.001571972 1.000177368
decaps 0.989374055 0.997489204 5/16 0.997861987 0.996478887
roundtrip 0.996026514 0.998491896 4/16 0.998522468 0.998491896
