baseline_ref=ed903ae02e53d14b42f533c24ab7237870d549ff
candidate_ref=a32efa8e26e1ada223ce126805352774d0d530ba
compiler=clang
profile=avx2-only
avx2_backend=core
arch_cflags=-march=x86-64-v3 -mavx2 -mbmi2 -mpopcnt -mno-avx512f
product_core=BABY_MLKEM_DISABLE_INTERNAL_CACHES
baseline_product_sha256=86f0f636e8cf18b7db4e8c74fb4b8f3ae258a0450eead10f3c683bcd1d655d45
candidate_product_sha256=707c90499c2dd27a8cb634cb1d148a8a553052ae9a44fa0b62d77002767910f2
baseline_benchmark_sha256=b8687b7e78174e685a5226e1bfe64af9fd9e4f1bda23f9cce02722a3bf2e2a28
candidate_benchmark_sha256=ea97fc9f120b75696364ed1414e09770340dc090280e5ae6772041b9cc3f2b8d
common_harness_object_sha256=dbb898fba2eaea946e24274382339f6622b8234918377e085850d8ef84f49985
batch=5
warmup_pairs=3
measured_pairs=16
iterations=100000
pin_cpu=0
run_order=alternating, odd baseline-first
speedup_direction=baseline_time/candidate_time
normal_core_alias_check=PASS

run order base_keygen cand_keygen base_encaps cand_encaps base_decaps cand_decaps base_roundtrip cand_roundtrip
01 baseline-first 5839.39 5775.41 4864.84 4643.70 4652.11 4669.41 15665.76 15360.51
02 candidate-first 5772.66 5768.28 4646.60 4648.65 4639.15 4641.81 15353.98 15362.70
03 baseline-first 5799.51 5772.42 4651.96 4654.38 4641.25 4642.73 15383.31 15365.30
04 candidate-first 5786.86 5773.09 4877.11 4654.88 5065.17 4641.14 16128.45 15374.00
05 baseline-first 5767.32 5983.54 4648.87 4676.48 4642.37 4643.84 15396.08 15627.79
06 candidate-first 5797.60 6012.88 4661.87 4668.52 4674.43 4642.18 15408.14 15630.63
07 baseline-first 5780.50 5767.47 4652.45 4644.30 4642.64 4648.00 15374.41 15365.99
08 candidate-first 5793.56 5771.87 4667.64 4650.33 4647.53 4639.74 15388.68 15369.11
09 baseline-first 5997.38 5774.82 4778.76 4650.88 4640.15 4675.16 15684.23 15443.09
10 candidate-first 6019.84 5783.80 4877.92 4694.51 4644.18 4649.69 15871.89 15425.68
11 baseline-first 5954.72 5764.94 4657.98 4648.87 4642.84 4641.28 15561.36 15379.01
12 candidate-first 5765.91 5763.59 4641.88 4649.68 4636.66 4641.76 15349.97 15354.44
13 baseline-first 5768.39 5769.35 4669.77 4647.30 4651.55 4641.32 15434.19 15361.34
14 candidate-first 5761.73 5764.50 4649.46 4641.00 4639.27 5024.86 15347.47 15785.38
15 baseline-first 5785.55 5771.36 4659.93 4652.28 4675.31 4648.49 15401.05 15752.80
16 candidate-first 5810.23 5979.55 4643.46 4657.36 4673.68 4643.11 15436.37 15603.54

metric gmean median wins baseline_first_median candidate_first_median
keygen 1.002207064 1.002322214 11/16 1.003575849 1.000580926
encaps 1.010135196 1.001788861 10/16 1.001857228 1.000690947
decaps 1.000948255 0.999682337 7/16 0.999682337 1.000552961
roundtrip 1.002470814 1.000860042 9/16 1.002957273 0.999570635
