baseline_ref=8a0120e01868c8881fcdd07bb070f1f55f438807
candidate_ref=1809825900eb257ad1baf240423281748b267a0b
baseline_binary_sha256=be434cf7ce031c23c9a85898eb9506ddb05ab850e79c84d699cf4d886f788be3
candidate_binary_sha256=3aa00d4d849b1fd3d0ae457e3ec9c27fc5de2d59d9226ea5e18b791912e55c16
iterations=2000000
warmup_pairs=3
measured_pairs=32
pin_cpu=0
run_order=alternating, odd candidate-first
speedup_direction=baseline_time/candidate_time

run order baseline_ns candidate_ns ratio baseline_checksum candidate_checksum
01 candidate-first 64.644064 64.641761 1.000035627 27154171 27154171
02 baseline-first 65.137284 64.612892 1.008115904 27154171 27154171
03 candidate-first 64.607900 65.313108 0.989202657 27154171 27154171
04 baseline-first 65.370384 64.367745 1.015576730 27154171 27154171
05 candidate-first 64.547049 64.992036 0.993153207 27154171 27154171
06 baseline-first 65.247630 69.017145 0.945382919 27154171 27154171
07 candidate-first 64.542722 65.065797 0.991960830 27154171 27154171
08 baseline-first 65.637410 64.208115 1.022260348 27154171 27154171
09 candidate-first 65.278491 65.829798 0.991625267 27154171 27154171
10 baseline-first 66.324575 64.652963 1.025855149 27154171 27154171
11 candidate-first 64.606197 65.151280 0.991633580 27154171 27154171
12 baseline-first 65.661710 64.882457 1.012010226 27154171 27154171
13 candidate-first 64.631280 65.639668 0.984637521 27154171 27154171
14 baseline-first 65.242156 64.199617 1.016239022 27154171 27154171
15 candidate-first 64.886142 65.225431 0.994798210 27154171 27154171
16 baseline-first 66.183679 75.166371 0.880495867 27154171 27154171
17 candidate-first 65.054085 65.110319 0.999136327 27154171 27154171
18 baseline-first 65.851846 64.711625 1.017620033 27154171 27154171
19 candidate-first 65.803033 65.327970 1.007271969 27154171 27154171
20 baseline-first 66.126994 64.224405 1.029624081 27154171 27154171
21 candidate-first 64.927374 65.222803 0.995470465 27154171 27154171
22 baseline-first 72.536430 64.223793 1.129432359 27154171 27154171
23 candidate-first 64.458485 65.312467 0.986924671 27154171 27154171
24 baseline-first 65.351250 64.631916 1.011129703 27154171 27154171
25 candidate-first 64.853518 66.588977 0.973937743 27154171 27154171
26 baseline-first 72.455184 64.312421 1.126612603 27154171 27154171
27 candidate-first 64.522692 65.225145 0.989230334 27154171 27154171
28 baseline-first 65.573994 64.255446 1.020520408 27154171 27154171
29 candidate-first 65.043423 64.905697 1.002121940 27154171 27154171
30 baseline-first 65.739047 65.172592 1.008691614 27154171 27154171
31 candidate-first 64.692506 65.350234 0.989935338 27154171 27154171
32 baseline-first 65.255587 64.398445 1.013309980 27154171 27154171
gmean=1.004281636x median=1.001078784x wins=17/32 checksum_matches=32/32
direct_regression_floor=0.995000000x
direct_regression_gate=PASS
direct_ci95_low=0.990387608x
direct_ci95_high=1.018797939x
candidate_first_median=0.991797205x
baseline_first_median=1.015907876x
sample_policy=all_32_pairs_retained_no_filtering
speed_credit=none-order-effect
