baseline_ref=8a0120e01868c8881fcdd07bb070f1f55f438807
candidate_ref=1809825900eb257ad1baf240423281748b267a0b
baseline_product_sha256=827f362023df33ba047637df373b28eee9349448e9becc419b882570fabb792a
candidate_product_sha256=6d2f660ef7a830827b5e35aa8cbde0d13f90aebda481a1f69ac94f8df949bb91
common_benchmark_object_sha256=dbb898fba2eaea946e24274382339f6622b8234918377e085850d8ef84f49985
baseline_benchmark_sha256=5209cb47d1adf9ad2164d2e149ac6bc3a17d03ac382bf19374b0e3becac6e6b4
candidate_benchmark_sha256=e051f06d413b2d644aa550659aa2be0d1dfa4b0bbbbd714c472dce1063b2f5e6
compiler=clang
profile=avx2-only
avx2_backend=core
arch_cflags=-march=x86-64-v3 -mavx2 -mbmi2 -mpopcnt -mno-avx512f
product_core=BABY_MLKEM_DISABLE_INTERNAL_CACHES
iterations=100000
pin_cpu=0
speedup_direction=baseline_time/candidate_time
normal_core_alias_check=PASS
batch=2
warmup_pairs=3
measured_pairs=16
run_order=alternating, odd candidate-first

run order base_keygen candidate_keygen base_encaps candidate_encaps base_decaps candidate_decaps base_roundtrip candidate_roundtrip
01 candidate-first 5670.06 5709.16 4536.26 4551.66 4576.65 4529.70 15118.71 15146.72
02 baseline-first 5905.31 5671.60 4640.34 4615.78 4550.04 4537.85 15378.77 15064.91
03 candidate-first 5679.41 5680.93 4543.43 4532.57 4537.63 4539.65 15084.75 15079.16
04 baseline-first 5709.48 5707.59 4536.62 4540.47 4539.38 4521.99 15111.67 15012.85
05 candidate-first 5887.32 5684.35 4575.00 4546.75 4568.43 4530.73 15367.99 15045.13
06 baseline-first 5674.98 5729.68 4649.03 4530.65 4548.01 4529.98 15103.46 15067.93
07 candidate-first 5912.89 5770.64 4544.21 4601.04 4560.43 4598.42 15271.26 15281.28
08 baseline-first 5668.28 5731.80 4535.24 4547.93 4603.27 4532.45 15082.95 15112.13
09 candidate-first 5666.64 5664.08 4534.84 4543.89 4532.68 4540.23 15028.31 15043.80
10 baseline-first 5672.90 5661.75 4536.35 4535.71 4857.90 4517.93 15430.74 15013.61
11 candidate-first 5709.28 5669.31 4544.72 4540.33 4583.19 4580.44 15183.98 15066.15
12 baseline-first 5663.75 5984.82 4539.80 4527.72 4537.25 4544.59 15021.47 15034.27
13 candidate-first 5668.01 5671.67 4534.87 4573.08 5023.51 4589.87 15464.27 15075.59
14 baseline-first 5674.82 5677.23 4574.79 4589.25 4861.62 4584.21 15407.05 15035.33
15 candidate-first 5751.63 5702.86 4658.76 4531.57 4580.13 4531.80 15222.13 15103.82
16 baseline-first 5882.13 5844.48 4554.68 4539.21 4548.03 4527.41 15284.12 15237.81

keygen_gmean=1.002530865x
encaps_gmean=1.002599757x
decaps_gmean=1.017012462x
roundtrip_gmean=1.008834237x
