baseline_ref=8a0120e01868c8881fcdd07bb070f1f55f438807
candidate_ref=1809825900eb257ad1baf240423281748b267a0b
baseline_product_sha256=827f362023df33ba047637df373b28eee9349448e9becc419b882570fabb792a
candidate_product_sha256=6d2f660ef7a830827b5e35aa8cbde0d13f90aebda481a1f69ac94f8df949bb91
common_benchmark_object_sha256=dbb898fba2eaea946e24274382339f6622b8234918377e085850d8ef84f49985
baseline_benchmark_sha256=5209cb47d1adf9ad2164d2e149ac6bc3a17d03ac382bf19374b0e3becac6e6b4
candidate_benchmark_sha256=e051f06d413b2d644aa550659aa2be0d1dfa4b0bbbbd714c472dce1063b2f5e6
compiler=clang
profile=avx2-only
avx2_backend=core
arch_cflags=-march=x86-64-v3 -mavx2 -mbmi2 -mpopcnt -mno-avx512f
product_core=BABY_MLKEM_DISABLE_INTERNAL_CACHES
iterations=100000
pin_cpu=0
speedup_direction=baseline_time/candidate_time
normal_core_alias_check=PASS
batch=3
warmup_pairs=3
measured_pairs=16
run_order=alternating, odd candidate-first

run order base_keygen candidate_keygen base_encaps candidate_encaps base_decaps candidate_decaps base_roundtrip candidate_roundtrip
01 candidate-first 5662.69 5675.05 4550.52 4698.00 4545.31 4641.72 15041.45 15342.99
02 baseline-first 5662.80 5653.15 4529.68 4529.59 4527.04 4518.55 15009.49 15050.84
03 candidate-first 5667.57 5675.69 4540.79 4600.51 4562.39 4548.72 15048.62 15133.90
04 baseline-first 5668.13 5661.05 4575.14 4569.56 4862.26 4521.05 15394.83 15033.04
05 candidate-first 5663.58 5677.66 4530.18 4549.52 4539.79 4520.27 15018.11 15038.52
06 baseline-first 5669.65 5667.27 4533.42 4534.22 4529.19 4517.95 15022.66 15010.31
07 candidate-first 5678.61 5672.32 4535.45 4619.63 4525.92 4596.02 15054.35 15101.30
08 baseline-first 5667.06 5812.90 4532.60 4627.91 4528.22 4521.16 15015.45 15251.78
09 candidate-first 5663.00 5663.95 4549.18 4530.04 4527.84 4524.57 15068.76 15002.10
10 baseline-first 5918.66 5677.11 4529.50 4537.57 4526.53 4562.69 14994.71 15088.15
11 candidate-first 5757.12 5676.58 4547.03 4555.55 5013.93 4545.48 15510.68 15074.97
12 baseline-first 5671.52 5668.40 4830.22 4531.56 4540.22 4517.59 15292.78 15021.40
13 candidate-first 5667.30 5674.79 4548.92 4531.55 4529.21 4525.86 15028.52 15063.48
14 baseline-first 5676.10 5687.94 4527.91 4538.38 4538.43 4666.02 15032.12 15205.53
15 candidate-first 5681.52 5666.55 4541.75 4556.96 4548.55 4526.35 15143.88 15052.71
16 baseline-first 5669.49 5675.65 4546.01 4540.38 4544.07 4518.74 15060.58 15027.73

keygen_gmean=1.001705582x
encaps_gmean=0.998528846x
decaps_gmean=1.008093739x
roundtrip_gmean=1.000957463x
