baseline_ref=8a0120e01868c8881fcdd07bb070f1f55f438807
candidate_ref=1809825900eb257ad1baf240423281748b267a0b
baseline_product_sha256=827f362023df33ba047637df373b28eee9349448e9becc419b882570fabb792a
candidate_product_sha256=6d2f660ef7a830827b5e35aa8cbde0d13f90aebda481a1f69ac94f8df949bb91
common_benchmark_object_sha256=dbb898fba2eaea946e24274382339f6622b8234918377e085850d8ef84f49985
baseline_benchmark_sha256=5209cb47d1adf9ad2164d2e149ac6bc3a17d03ac382bf19374b0e3becac6e6b4
candidate_benchmark_sha256=e051f06d413b2d644aa550659aa2be0d1dfa4b0bbbbd714c472dce1063b2f5e6
compiler=clang
profile=avx2-only
avx2_backend=core
arch_cflags=-march=x86-64-v3 -mavx2 -mbmi2 -mpopcnt -mno-avx512f
product_core=BABY_MLKEM_DISABLE_INTERNAL_CACHES
iterations=100000
pin_cpu=0
speedup_direction=baseline_time/candidate_time
normal_core_alias_check=PASS
batch=1
warmup_pairs=3
measured_pairs=16
run_order=alternating, odd candidate-first

run order base_keygen candidate_keygen base_encaps candidate_encaps base_decaps candidate_decaps base_roundtrip candidate_roundtrip
01 candidate-first 5885.16 5699.23 4670.45 4622.34 4900.25 4563.84 15756.52 15156.40
02 baseline-first 5724.62 5704.87 4568.20 4566.17 4593.58 4574.16 15191.52 15154.98
03 candidate-first 5691.47 5717.83 4558.29 4584.50 4560.61 4552.52 15140.23 15205.81
04 baseline-first 5692.08 5825.61 4580.73 4650.16 4590.30 4556.98 15169.64 15333.71
05 candidate-first 5693.97 5703.89 4572.02 4569.88 4571.36 4545.49 15144.79 15171.37
06 baseline-first 5713.89 5692.11 4551.86 4563.42 4568.42 4558.23 15148.88 15143.88
07 candidate-first 5689.74 5899.09 4570.74 4552.88 4558.30 4545.56 15078.23 15335.65
08 baseline-first 5694.05 5706.76 4601.32 4575.65 4659.96 4562.53 15348.58 15173.37
09 candidate-first 5712.40 5894.22 4624.51 4563.60 4562.96 4555.14 15177.01 15332.35
10 baseline-first 5778.52 5700.63 4563.63 4563.67 4571.24 4549.76 15196.07 15127.66
11 candidate-first 5704.40 5707.25 4568.23 4856.00 4569.45 4562.45 15128.68 15464.96
12 baseline-first 5697.04 5712.17 4589.81 4569.10 4897.25 4547.86 15510.33 15145.30
13 candidate-first 5709.51 5725.88 4566.15 4579.76 4563.13 4577.74 15171.32 15194.10
14 baseline-first 5692.70 5713.99 4638.07 4567.72 4560.53 4544.12 15213.90 15173.92
15 candidate-first 5703.32 5713.03 4559.44 4570.87 4660.51 4568.39 15215.31 15177.59
16 baseline-first 5748.42 5695.56 4592.62 4565.29 4566.23 4569.48 15206.92 15148.32

keygen_gmean=0.996972872x
encaps_gmean=0.998121721x
decaps_gmean=1.013711392x
roundtrip_gmean=1.001433747x
