run order base_keygen candidate_keygen base_encaps candidate_encaps base_decaps candidate_decaps base_roundtrip candidate_roundtrip alias
01 candidate-first 5677.94 5686.14 4557.20 4558.81 4567.09 4569.50 15115.86 15145.28 PASS
02 baseline-first 5720.71 5709.76 4611.72 4583.85 4563.40 4569.77 15125.64 15156.76 PASS
03 candidate-first 5856.14 5977.18 4559.16 4694.26 4569.85 4561.46 15354.31 15522.24 PASS
04 baseline-first 5702.13 5867.08 4581.08 4590.86 4698.13 4565.34 15281.10 15349.33 PASS
05 candidate-first 5681.08 5717.05 4634.79 4582.64 4560.45 4582.65 15196.04 15201.94 PASS
06 baseline-first 5703.13 5677.04 4554.35 4563.04 4554.11 4559.95 15109.64 15151.62 PASS
07 candidate-first 5761.99 5721.59 4550.49 4570.80 4561.07 4559.47 15161.39 15175.19 PASS
08 baseline-first 5712.63 5679.23 4565.89 4593.27 4560.34 4557.14 15121.54 15150.18 PASS
09 candidate-first 5667.87 5739.34 4555.82 4555.58 4558.49 4553.94 15136.06 15163.79 PASS
10 baseline-first 5711.12 5687.53 4555.75 4570.47 4554.89 4553.75 15122.90 15139.49 PASS
11 candidate-first 5695.17 5745.24 4558.75 4578.27 4555.24 4572.22 15188.08 15182.08 PASS
12 baseline-first 5690.07 5689.18 4571.07 4630.87 4608.76 4551.39 15173.39 15147.47 PASS
13 candidate-first 5670.53 5736.45 4583.29 4555.04 4569.44 4549.81 15166.88 15123.61 PASS
14 baseline-first 5721.21 5689.60 4560.18 4571.39 4591.57 4703.92 15150.79 15314.96 PASS
15 candidate-first 5684.23 5730.59 4560.08 4565.62 4551.12 5024.67 15132.13 15610.86 PASS
16 baseline-first 5698.02 5668.19 4551.79 4564.82 4635.25 4704.27 15227.49 15278.45 PASS
17 candidate-first 5671.74 5716.54 4556.78 4577.36 4583.84 4558.11 15149.94 15136.19 PASS
18 baseline-first 5704.10 5670.24 4563.66 4562.20 4555.56 4563.57 15151.08 15141.57 PASS
keygen_gmean=0.996388584x
encaps_gmean=0.997136129x
decaps_gmean=0.994669408x
roundtrip_gmean=0.996285189x
normal_core_alias_passes=18/18
