baseline_ref=db9a20853e05a78110fc585ce7414f91f96bb6e2
candidate_ref=975d2e2d5651c302c895097e9670738582ec8302
baseline_product_sha256=7cc168832d6f820e7ae1cd0e1d8fc01a80aa0a503042635ac574db1c7c2fd0d8
candidate_product_sha256=bcbc68b7a6fac3b6d25e02706f244bb0b92a130cb40ec7b1422b69762dbb5168
common_benchmark_object_sha256=dbb898fba2eaea946e24274382339f6622b8234918377e085850d8ef84f49985
compiler=clang
profile=avx2-only
avx2_backend=core
arch_cflags=-march=x86-64-v3 -mavx2 -mbmi2 -mpopcnt -mno-avx512f
product_core=BABY_MLKEM_DISABLE_INTERNAL_CACHES
iterations=100000
pin_cpu=0
speedup_direction=baseline_time/candidate_time
batch=6
warmup_pairs=3
measured_pairs=16
run_order=alternating, odd candidate-first

run order base_keygen candidate_keygen base_encaps candidate_encaps base_decaps candidate_decaps base_roundtrip candidate_roundtrip
01 candidate-first 5710.43 5722.09 4594.00 4572.36 4540.35 4649.78 15215.82 15203.48
02 baseline-first 5680.16 5847.70 4555.15 4572.98 4557.51 4569.53 15071.31 15288.78
03 candidate-first 5692.96 5686.20 4876.63 4546.73 4548.61 4549.96 15369.84 15088.69
04 baseline-first 5703.74 5695.79 4551.63 4547.46 4590.24 4545.31 15132.50 15101.96
05 candidate-first 5723.25 5721.44 4709.62 4551.81 4587.99 4554.46 15330.86 15144.05
06 baseline-first 5715.37 5694.44 4554.33 4553.89 5048.76 4554.99 15541.51 15080.34
07 candidate-first 5694.17 5682.23 4560.45 4548.63 4549.82 4536.52 15086.80 15084.29
08 baseline-first 5717.58 5700.42 4559.55 4550.92 4544.82 4560.37 15098.68 15134.19
09 candidate-first 5692.57 5688.05 4557.01 4548.73 4547.87 4545.01 15053.62 15072.54
10 baseline-first 5690.42 5701.75 4659.95 4549.50 4583.61 4556.65 15187.53 15087.23
11 candidate-first 5711.08 5673.69 4560.86 4555.75 4558.01 4541.57 15096.19 15095.69
12 baseline-first 5697.83 5682.40 4563.40 4563.45 4587.65 4632.83 15079.13 15180.14
13 candidate-first 5688.19 5685.70 4558.55 4543.21 4577.43 4546.03 15096.45 15076.82
14 baseline-first 5692.05 5691.63 4553.72 4719.36 4542.26 4628.72 15057.23 15279.81
15 candidate-first 5695.54 5693.23 4565.13 4551.20 4575.01 4564.43 15124.88 15088.76
16 baseline-first 5693.04 5691.27 4560.32 4542.00 4551.03 4590.58 15038.75 15097.49

normal_core_alias_check=PASS
keygen_gmean=0.999367558x
encaps_gmean=1.007029963x
decaps_gmean=1.004691462x
roundtrip_gmean=1.001940217x
