baseline_ref=db9a20853e05a78110fc585ce7414f91f96bb6e2
candidate_ref=975d2e2d5651c302c895097e9670738582ec8302
baseline_product_sha256=7cc168832d6f820e7ae1cd0e1d8fc01a80aa0a503042635ac574db1c7c2fd0d8
candidate_product_sha256=bcbc68b7a6fac3b6d25e02706f244bb0b92a130cb40ec7b1422b69762dbb5168
common_benchmark_object_sha256=dbb898fba2eaea946e24274382339f6622b8234918377e085850d8ef84f49985
compiler=clang
profile=avx2-only
avx2_backend=core
arch_cflags=-march=x86-64-v3 -mavx2 -mbmi2 -mpopcnt -mno-avx512f
product_core=BABY_MLKEM_DISABLE_INTERNAL_CACHES
iterations=100000
pin_cpu=0
speedup_direction=baseline_time/candidate_time
batch=4
warmup_pairs=3
measured_pairs=16
run_order=alternating, odd candidate-first

run order base_keygen candidate_keygen base_encaps candidate_encaps base_decaps candidate_decaps base_roundtrip candidate_roundtrip
01 candidate-first 5721.08 5724.29 4567.85 4570.46 4567.92 4573.30 15144.14 15200.25
02 baseline-first 5716.22 5920.50 4570.34 4577.29 4569.02 4572.66 15169.12 15407.65
03 candidate-first 5721.59 5716.60 4582.49 4647.45 4559.79 4578.28 15166.48 15271.90
04 baseline-first 5917.39 5934.43 4664.05 4871.71 4634.58 4572.78 15500.84 15684.01
05 candidate-first 5718.54 5715.50 4593.47 4574.10 4579.50 4574.56 15202.08 15181.08
06 baseline-first 5706.46 5714.44 4568.09 4637.53 4562.77 5006.67 15162.98 15744.86
07 candidate-first 5740.73 5721.59 4569.27 4573.30 4581.01 4595.00 15177.16 15201.35
08 baseline-first 5739.72 5717.30 4578.72 4558.71 4570.00 4599.68 15150.78 15179.46
09 candidate-first 5956.66 5714.86 4586.72 4567.99 4585.13 4574.63 15424.77 15194.50
10 baseline-first 5728.94 5724.91 4565.59 4564.07 4571.23 4574.75 15184.03 15187.00
11 candidate-first 5740.51 5711.14 4562.87 4568.91 4576.78 4926.10 15174.17 15527.66
12 baseline-first 5728.54 5710.49 4563.18 4555.53 4565.39 4570.79 15152.74 15162.87
13 candidate-first 6003.79 5730.98 4702.48 4574.95 4835.83 4596.42 15776.57 15231.09
14 baseline-first 5720.05 5704.58 4567.15 4572.25 4593.80 4579.13 15219.58 15172.71
15 candidate-first 5711.40 5725.03 4571.70 4568.80 4580.47 4725.22 15164.70 15358.90
16 baseline-first 5720.13 5728.42 4563.73 4581.76 4577.68 4613.17 15149.33 15239.74

normal_core_alias_check=PASS
keygen_gmean=1.004040671x
encaps_gmean=0.997550456x
decaps_gmean=0.990547855x
roundtrip_gmean=0.995822015x
