baseline_ref=db9a20853e05a78110fc585ce7414f91f96bb6e2
candidate_ref=975d2e2d5651c302c895097e9670738582ec8302
baseline_product_sha256=7cc168832d6f820e7ae1cd0e1d8fc01a80aa0a503042635ac574db1c7c2fd0d8
candidate_product_sha256=bcbc68b7a6fac3b6d25e02706f244bb0b92a130cb40ec7b1422b69762dbb5168
common_benchmark_object_sha256=dbb898fba2eaea946e24274382339f6622b8234918377e085850d8ef84f49985
compiler=clang
profile=avx2-only
avx2_backend=core
arch_cflags=-march=x86-64-v3 -mavx2 -mbmi2 -mpopcnt -mno-avx512f
product_core=BABY_MLKEM_DISABLE_INTERNAL_CACHES
iterations=100000
pin_cpu=0
speedup_direction=baseline_time/candidate_time
batch=5
warmup_pairs=3
measured_pairs=16
run_order=alternating, odd candidate-first

run order base_keygen candidate_keygen base_encaps candidate_encaps base_decaps candidate_decaps base_roundtrip candidate_roundtrip
01 candidate-first 5712.71 5731.43 4568.52 4605.30 4576.29 4590.53 15161.41 15240.64
02 baseline-first 5714.50 5931.46 4567.55 4589.07 4583.68 4582.28 15127.08 15422.77
03 candidate-first 5738.91 5713.05 4572.75 4563.92 4592.73 4579.09 15262.12 15173.26
04 baseline-first 5834.81 5708.41 4717.41 4564.97 4576.02 4568.17 15439.27 15161.52
05 candidate-first 5932.57 5705.13 4588.44 4569.57 4567.48 4905.50 15368.00 15532.76
06 baseline-first 5715.43 5709.44 4559.16 4735.16 4582.09 4610.44 15142.83 15316.88
07 candidate-first 5678.79 5687.11 4554.51 4549.03 4554.12 4539.31 15077.07 15086.40
08 baseline-first 5730.40 5688.98 4600.90 4620.10 4552.07 4649.62 15098.57 15289.96
09 candidate-first 5678.73 5682.08 4550.12 4552.88 4569.09 4570.56 15096.81 15087.64
10 baseline-first 5744.85 5737.67 4547.89 4552.05 4572.53 4559.32 15153.89 15126.50
11 candidate-first 5761.12 5685.50 4554.15 4556.60 4551.46 4570.19 15148.42 15131.45
12 baseline-first 5706.94 5913.08 4576.30 4635.25 4881.59 4559.91 15490.28 15367.17
13 candidate-first 5688.28 5706.28 4563.94 4552.90 4546.75 4545.54 15086.13 15097.54
14 baseline-first 5672.90 5765.77 4567.91 4582.31 4547.80 4695.93 15103.57 15305.22
15 candidate-first 5724.38 5697.61 4550.19 4556.46 4569.55 4540.55 15111.26 15117.92
16 baseline-first 5679.67 5709.94 4592.10 4553.35 4554.72 4544.27 15112.81 15089.18

normal_core_alias_check=PASS
keygen_gmean=0.999386263x
encaps_gmean=0.998554737x
decaps_gmean=0.996873043x
roundtrip_gmean=0.997673786x
