baseline_ref=db9a20853e05a78110fc585ce7414f91f96bb6e2
candidate_ref=975d2e2d5651c302c895097e9670738582ec8302
baseline_product_sha256=7cc168832d6f820e7ae1cd0e1d8fc01a80aa0a503042635ac574db1c7c2fd0d8
candidate_product_sha256=bcbc68b7a6fac3b6d25e02706f244bb0b92a130cb40ec7b1422b69762dbb5168
common_benchmark_object_sha256=dbb898fba2eaea946e24274382339f6622b8234918377e085850d8ef84f49985
compiler=clang
profile=avx2-only
avx2_backend=core
arch_cflags=-march=x86-64-v3 -mavx2 -mbmi2 -mpopcnt -mno-avx512f
product_core=BABY_MLKEM_DISABLE_INTERNAL_CACHES
iterations=100000
pin_cpu=0
speedup_direction=baseline_time/candidate_time
batch=2
warmup_pairs=3
measured_pairs=16
run_order=alternating, odd candidate-first

run order base_keygen candidate_keygen base_encaps candidate_encaps base_decaps candidate_decaps base_roundtrip candidate_roundtrip
01 candidate-first 5698.84 5695.49 4551.67 4559.56 4553.07 4907.96 15095.00 15519.55
02 baseline-first 5724.05 5707.03 4562.53 4563.70 4558.51 4565.33 15125.52 15158.01
03 candidate-first 5691.93 5732.87 4596.09 4594.69 4600.76 4573.19 15190.44 15216.12
04 baseline-first 5748.85 5679.63 4564.87 4605.44 4571.18 4572.38 15216.68 15134.58
05 candidate-first 5709.59 5706.73 4574.37 4567.20 4561.95 4554.59 15148.59 15145.40
06 baseline-first 5803.28 5687.63 4558.21 4555.23 4569.03 4564.84 15205.23 15126.25
07 candidate-first 5694.30 5695.05 4558.73 4556.02 4553.30 4884.47 15105.56 15478.15
08 baseline-first 5882.64 5694.00 4613.31 4568.29 4557.43 4709.54 15300.06 15266.55
09 candidate-first 5717.38 5918.15 4566.24 4570.74 4580.27 4565.82 15147.48 15360.43
10 baseline-first 5708.13 5681.29 4563.57 4568.57 4552.51 4586.14 15104.55 15167.02
11 candidate-first 5703.95 5699.85 4561.35 4723.95 4579.96 4606.95 15125.60 15362.66
12 baseline-first 5705.19 5701.53 4561.02 4562.43 4558.58 4615.07 15206.49 15203.21
13 candidate-first 5703.03 5710.29 4555.17 4558.41 4552.43 4563.96 15109.43 15131.88
14 baseline-first 5756.68 5757.93 4562.66 4566.82 4580.28 4714.05 15128.00 15319.81
15 candidate-first 5691.69 5708.34 4563.19 4556.83 4571.11 4556.89 15113.34 15120.86
16 baseline-first 5698.03 5674.96 4566.31 4605.39 4564.71 4690.67 15114.00 15267.45

normal_core_alias_check=PASS
keygen_gmean=1.002052833x
encaps_gmean=0.997249210x
decaps_gmean=0.984550295x
roundtrip_gmean=0.993705901x
