baseline_ref=db9a20853e05a78110fc585ce7414f91f96bb6e2
candidate_ref=975d2e2d5651c302c895097e9670738582ec8302
baseline_product_sha256=7cc168832d6f820e7ae1cd0e1d8fc01a80aa0a503042635ac574db1c7c2fd0d8
candidate_product_sha256=bcbc68b7a6fac3b6d25e02706f244bb0b92a130cb40ec7b1422b69762dbb5168
common_benchmark_object_sha256=dbb898fba2eaea946e24274382339f6622b8234918377e085850d8ef84f49985
compiler=clang
profile=avx2-only
avx2_backend=core
arch_cflags=-march=x86-64-v3 -mavx2 -mbmi2 -mpopcnt -mno-avx512f
product_core=BABY_MLKEM_DISABLE_INTERNAL_CACHES
iterations=100000
pin_cpu=0
speedup_direction=baseline_time/candidate_time
batch=1
warmup_pairs=3
measured_pairs=16
run_order=alternating, odd candidate-first

run order base_keygen candidate_keygen base_encaps candidate_encaps base_decaps candidate_decaps base_roundtrip candidate_roundtrip
01 candidate-first 5782.02 5731.87 4578.76 4587.37 4572.12 4574.24 15183.99 15212.62
02 baseline-first 5719.99 5719.37 4581.89 4594.22 4586.04 4607.66 15167.54 15256.04
03 candidate-first 5727.97 5714.13 4574.88 4581.60 4575.47 4695.18 15204.62 15317.87
04 baseline-first 5719.97 5723.81 4582.61 4573.37 4571.59 4566.71 15168.42 15206.61
05 candidate-first 5712.03 5726.36 4593.57 4576.65 4599.68 4600.70 15275.98 15213.74
06 baseline-first 5723.56 5717.35 4592.97 4582.71 4600.65 4583.88 15208.33 15233.90
07 candidate-first 5764.02 5712.18 4588.21 4581.05 4568.01 4595.73 15266.77 15233.49
08 baseline-first 5726.16 5724.51 4668.09 4586.62 4581.65 4587.66 15312.98 15244.36
09 candidate-first 5712.95 5711.27 4574.42 4574.62 4577.26 4585.28 15177.01 15221.61
10 baseline-first 5806.61 5724.46 4581.72 4645.12 4580.38 4673.68 15201.22 15416.20
11 candidate-first 5710.72 5715.59 4581.22 4574.63 4612.16 4597.06 15227.08 15188.45
12 baseline-first 5733.27 5735.66 4625.16 4607.07 4595.94 4606.50 15255.48 15247.61
13 candidate-first 5811.46 5739.41 4595.87 4589.95 4587.87 4603.51 15303.58 15267.26
14 baseline-first 5734.25 5710.94 4579.81 4574.72 4609.87 4574.45 15265.94 15161.43
15 candidate-first 5713.35 5702.54 4559.71 4569.61 4563.06 4571.24 15143.01 15133.59
16 baseline-first 5706.99 5699.40 4557.47 4568.10 4566.15 4566.66 15132.73 15147.75

normal_core_alias_check=PASS
keygen_gmean=1.003225022x
encaps_gmean=1.000659827x
decaps_gmean=0.996731575x
roundtrip_gmean=0.999149970x
