baseline_ref=db9a20853e05a78110fc585ce7414f91f96bb6e2
candidate_ref=975d2e2d5651c302c895097e9670738582ec8302
baseline_product_sha256=7cc168832d6f820e7ae1cd0e1d8fc01a80aa0a503042635ac574db1c7c2fd0d8
candidate_product_sha256=bcbc68b7a6fac3b6d25e02706f244bb0b92a130cb40ec7b1422b69762dbb5168
common_benchmark_object_sha256=dbb898fba2eaea946e24274382339f6622b8234918377e085850d8ef84f49985
compiler=clang
profile=avx2-only
avx2_backend=core
arch_cflags=-march=x86-64-v3 -mavx2 -mbmi2 -mpopcnt -mno-avx512f
product_core=BABY_MLKEM_DISABLE_INTERNAL_CACHES
iterations=100000
pin_cpu=0
speedup_direction=baseline_time/candidate_time
batch=3
warmup_pairs=3
measured_pairs=16
run_order=alternating, odd candidate-first

run order base_keygen candidate_keygen base_encaps candidate_encaps base_decaps candidate_decaps base_roundtrip candidate_roundtrip
01 candidate-first 5692.89 5666.34 4556.10 4571.15 4546.98 4542.42 15157.88 15115.95
02 baseline-first 5696.13 5695.73 4565.98 4559.21 4557.65 4552.21 15136.01 15133.29
03 candidate-first 5690.24 5726.24 4560.30 4572.75 4557.96 4558.93 15098.64 15137.78
04 baseline-first 5688.24 5751.31 4559.39 4561.00 4549.01 4560.93 15092.34 15180.14
05 candidate-first 5715.74 5690.52 4644.25 4560.02 4547.19 4554.52 15107.86 15125.44
06 baseline-first 5689.90 5672.64 4563.03 4558.89 4546.00 4882.48 15087.69 15450.05
07 candidate-first 5703.01 5688.45 4563.70 4566.37 4714.96 4880.11 15287.16 15460.57
08 baseline-first 5706.73 5689.41 4570.49 4571.85 4563.56 4577.77 15117.82 15157.90
09 candidate-first 5696.56 5697.93 4556.90 4626.64 4885.69 4585.30 15457.31 15199.53
10 baseline-first 5719.59 5694.77 4575.91 4554.03 4551.28 4550.16 15175.94 15114.95
11 candidate-first 5687.23 5697.95 4550.79 4558.76 4881.22 4544.30 15420.24 15120.30
12 baseline-first 5713.14 5739.05 4561.99 4664.32 4553.09 4709.95 15126.84 15505.34
13 candidate-first 5710.35 5690.05 4641.50 4560.96 4546.49 4576.47 15200.41 15130.14
14 baseline-first 5690.43 5712.76 4564.06 4568.66 4570.99 4685.14 15119.01 15260.93
15 candidate-first 5702.19 5763.98 4552.60 4559.99 4559.03 4564.06 15109.61 15187.04
16 baseline-first 5835.11 5691.39 4636.90 4555.00 4571.59 4552.27 15304.40 15102.23

normal_core_alias_check=PASS
keygen_gmean=1.000748620x
encaps_gmean=1.000737909x
decaps_gmean=0.997631607x
roundtrip_gmean=0.998437924x
