batches=3
pairs_per_batch=16
combined_pairs=48
iterations_per_binary=100000
pin_cpu=0
run_order=alternating, odd candidate-first
sample_policy=all_48_pairs_retained_no_filtering
speedup_direction=baseline_time/candidate_time
bootstrap_resamples=20000
regression_floor=0.995000000x

batch run order base_keygen candidate_keygen base_encaps candidate_encaps base_decaps candidate_decaps base_roundtrip candidate_roundtrip
1 01 candidate-first 5672.51 5690.38 4542.35 4540.45 4525.30 4534.40 15052.51 15062.43
1 02 baseline-first 5703.24 5657.19 4566.86 4541.60 4713.78 4849.62 15273.79 15406.68
1 03 candidate-first 5671.61 5682.75 4538.14 4547.81 4636.34 4622.19 15130.18 15168.92
1 04 baseline-first 5674.81 5654.53 4532.52 4536.74 4576.55 4535.43 15049.15 15055.40
1 05 candidate-first 5667.47 5673.55 4536.08 4540.71 4530.00 4540.36 15035.37 15036.61
1 06 baseline-first 5676.38 5655.13 4532.16 4545.84 4888.91 4529.06 15394.11 15026.67
1 07 candidate-first 5651.33 5708.98 4532.23 4623.88 4529.84 4528.30 15016.33 15059.21
1 08 baseline-first 5720.89 5731.26 4533.72 4539.09 4536.51 4530.01 15089.06 15035.74
1 09 candidate-first 5653.46 5718.82 4549.45 4528.50 4580.72 4547.34 15062.94 15099.34
1 10 baseline-first 5665.64 5673.30 4535.92 4593.92 4536.47 4571.48 15056.45 15115.43
1 11 candidate-first 5657.94 5740.59 4543.32 4566.31 4557.79 4550.08 15063.54 15137.83
1 12 baseline-first 5674.01 5722.44 4533.97 4534.32 4540.37 4531.87 15051.68 15226.03
1 13 candidate-first 5666.87 5713.72 4540.18 4536.70 4561.22 4535.72 15049.27 15075.94
1 14 baseline-first 5692.25 5647.24 4547.49 4712.20 4529.78 4620.90 15032.70 15229.86
1 15 candidate-first 5645.06 5872.70 4541.37 4630.52 4524.09 4522.23 15012.37 15296.14
1 16 baseline-first 5665.62 5650.69 4545.65 4540.55 4539.25 4526.98 15042.49 15036.06
2 01 candidate-first 5637.47 5677.97 4540.36 4690.97 4513.52 4545.51 15040.00 15210.90
2 02 baseline-first 5668.96 5676.70 4646.51 4561.96 4627.18 4523.91 15219.86 15104.29
2 03 candidate-first 5677.24 5707.58 4551.14 4573.91 4530.74 4536.12 15017.55 15115.17
2 04 baseline-first 5695.42 5645.16 4546.58 4618.34 4525.62 4545.83 15024.77 15035.96
2 05 candidate-first 5863.64 5667.74 4629.19 4535.78 4509.55 4526.55 15312.77 15017.54
2 06 baseline-first 5656.19 5675.31 4545.12 4582.24 4525.84 4515.86 15098.56 15029.81
2 07 candidate-first 5830.12 5700.78 4730.21 4547.66 4539.61 4523.80 15335.07 15025.55
2 08 baseline-first 5699.62 5656.43 4533.84 4533.84 4521.44 4657.97 15040.82 15147.04
2 09 candidate-first 5730.56 5670.25 4583.33 4542.92 4530.98 4528.83 15132.81 15036.85
2 10 baseline-first 5711.53 5848.69 4563.47 4562.51 4537.08 4572.32 15170.73 15275.20
2 11 candidate-first 5651.04 5733.44 4526.15 4531.86 4534.75 4525.39 15069.10 15111.39
2 12 baseline-first 5699.93 5653.50 4572.36 4543.15 4526.85 4874.10 15137.97 15397.43
2 13 candidate-first 5651.74 5665.46 4574.83 4536.46 4583.72 4664.35 15083.95 15228.30
2 14 baseline-first 5708.52 5645.94 4537.68 4579.35 4655.02 4561.80 15195.92 15072.17
2 15 candidate-first 5661.34 5780.91 4583.17 4565.24 4518.36 4523.53 15028.42 15053.81
2 16 baseline-first 5669.27 5650.30 4600.74 4529.83 4625.27 4843.21 15233.50 15348.96
3 01 candidate-first 5651.57 5681.12 4536.82 4602.49 4515.24 4633.19 15012.54 15262.08
3 02 baseline-first 5688.56 5647.91 4592.30 4538.65 4626.05 4522.71 15195.14 15040.93
3 03 candidate-first 5659.08 5660.71 4543.23 4543.98 4514.65 4514.98 15027.26 14995.18
3 04 baseline-first 5657.13 5658.97 4551.45 4551.08 4513.42 4519.73 15064.46 15023.99
3 05 candidate-first 5642.11 5659.73 4540.69 4539.28 4540.85 4541.64 15012.45 15036.85
3 06 baseline-first 5661.94 5637.85 4532.19 4534.85 4586.05 4526.23 15015.40 15063.94
3 07 candidate-first 6074.60 5655.40 4543.58 4575.58 4516.44 4556.86 15458.90 15069.23
3 08 baseline-first 5685.53 5653.69 4527.75 4536.68 4518.47 4922.00 15028.28 15360.27
3 09 candidate-first 5908.56 5656.55 4546.95 4529.35 4517.82 4555.83 15251.27 15037.51
3 10 baseline-first 5671.19 5652.91 4523.83 4534.62 4519.41 4520.79 14988.41 15030.21
3 11 candidate-first 5765.60 5667.76 4556.52 4571.29 4501.74 4514.36 15044.34 15033.30
3 12 baseline-first 5691.05 5643.95 4527.50 4534.73 4511.46 4514.63 15000.39 15011.06
3 13 candidate-first 5648.34 5739.44 4533.34 4529.91 4524.79 4525.99 14993.28 15011.55
3 14 baseline-first 5673.83 5642.46 4695.37 4532.01 4548.75 4509.95 15223.00 14991.89
3 15 candidate-first 5706.68 5672.43 4534.28 4532.64 4525.13 4539.02 15090.56 15012.75
3 16 baseline-first 5840.34 5636.67 4529.50 4547.77 4556.93 4511.83 15201.55 15027.51

keygen_gmean=1.002804606x
keygen_ci95=0.998129574x..1.007940340x
keygen_wins=24/48
keygen_candidate_first_median=0.996873195x
keygen_baseline_first_median=1.004015278x
encaps_gmean=0.999545086x
encaps_ci95=0.995877184x..1.003367107x
encaps_wins=21/48
encaps_candidate_first_median=1.000072784x
encaps_baseline_first_median=0.999241624x
decaps_gmean=0.996360694x
decaps_ci95=0.989869882x..1.002613325x
decaps_wins=21/48
decaps_candidate_first_median=0.999295976x
decaps_baseline_first_median=1.000564810x
roundtrip_gmean=0.999827088x
roundtrip_ci95=0.996978081x..1.002817815x
roundtrip_wins=18/48
roundtrip_candidate_first_median=0.998345352x
roundtrip_baseline_first_median=0.999272487x
minimum_operation=decaps
minimum_ratio=0.996360694x
regression_gate=PASS
speed_credit=NONE_text_sections_byte_identical
