baseline_ref=975d2e2d5651c302c895097e9670738582ec8302
candidate_ref=7219cad508ae199475d8b1cc2a2f0404479991b7
baseline_product_sha256=bcbc68b7a6fac3b6d25e02706f244bb0b92a130cb40ec7b1422b69762dbb5168
candidate_product_sha256=827f362023df33ba047637df373b28eee9349448e9becc419b882570fabb792a
common_benchmark_object_sha256=dbb898fba2eaea946e24274382339f6622b8234918377e085850d8ef84f49985
compiler=clang
profile=avx2-only
avx2_backend=core
arch_cflags=-march=x86-64-v3 -mavx2 -mbmi2 -mpopcnt -mno-avx512f
product_core=BABY_MLKEM_DISABLE_INTERNAL_CACHES
iterations=100000
pin_cpu=0
speedup_direction=baseline_time/candidate_time
normal_core_alias_check=PASS
batch=3
warmup_pairs=3
measured_pairs=16
run_order=alternating, odd candidate-first

run order base_keygen candidate_keygen base_encaps candidate_encaps base_decaps candidate_decaps base_roundtrip candidate_roundtrip
01 candidate-first 5648.74 5671.28 4544.86 4549.54 4532.81 4575.82 15037.63 15127.10
02 baseline-first 5665.58 5656.49 4537.92 4537.04 4540.51 4539.37 15092.41 15054.03
03 candidate-first 5815.16 5682.42 4551.73 4625.09 4535.92 4531.14 15211.68 15140.60
04 baseline-first 5668.58 5658.78 4532.02 4536.72 4619.90 4558.70 15128.08 15081.30
05 candidate-first 5679.45 5667.07 4550.74 4538.40 4883.02 4552.78 15447.21 15087.30
06 baseline-first 5679.68 5684.75 4555.39 4550.97 4552.74 4542.39 15115.58 15118.22
07 candidate-first 5710.18 5697.59 4711.62 4564.76 4577.51 4566.23 15383.81 15190.37
08 baseline-first 5678.51 5671.01 4609.91 4569.38 4550.50 4567.30 15120.05 15126.03
09 candidate-first 5694.94 5677.31 4554.62 4565.03 4548.70 4557.88 15185.00 15107.66
10 baseline-first 5686.16 5664.81 4591.33 4557.40 4547.22 4549.32 15125.27 15165.29
11 candidate-first 5672.51 5883.60 4563.24 4575.11 4578.16 4561.47 15137.94 15277.54
12 baseline-first 5682.43 5653.67 4569.51 4552.16 4561.20 4879.82 15123.95 15448.05
13 candidate-first 5666.05 5709.34 4550.75 4563.36 4574.83 4554.53 15108.59 15120.63
14 baseline-first 5695.58 5673.69 4549.01 4548.37 4557.91 4893.46 15105.87 15455.50
15 candidate-first 5792.83 5675.21 4612.45 4557.18 4577.28 4610.10 15301.87 15120.83
16 baseline-first 5687.85 5696.96 4549.73 4548.02 4558.66 4545.75 15073.77 15086.89

keygen_gmean=1.001114085x
encaps_gmean=1.002657769x
decaps_gmean=0.996197004x
roundtrip_gmean=0.999968033x
