baseline_ref=975d2e2d5651c302c895097e9670738582ec8302
candidate_ref=7219cad508ae199475d8b1cc2a2f0404479991b7
baseline_product_sha256=bcbc68b7a6fac3b6d25e02706f244bb0b92a130cb40ec7b1422b69762dbb5168
candidate_product_sha256=827f362023df33ba047637df373b28eee9349448e9becc419b882570fabb792a
common_benchmark_object_sha256=dbb898fba2eaea946e24274382339f6622b8234918377e085850d8ef84f49985
compiler=clang
profile=avx2-only
avx2_backend=core
arch_cflags=-march=x86-64-v3 -mavx2 -mbmi2 -mpopcnt -mno-avx512f
product_core=BABY_MLKEM_DISABLE_INTERNAL_CACHES
iterations=100000
pin_cpu=0
speedup_direction=baseline_time/candidate_time
normal_core_alias_check=PASS
batch=1
warmup_pairs=3
measured_pairs=16
run_order=alternating, odd candidate-first

run order base_keygen candidate_keygen base_encaps candidate_encaps base_decaps candidate_decaps base_roundtrip candidate_roundtrip
01 candidate-first 5656.61 5677.69 4543.45 4549.41 4545.56 4564.63 15121.30 15078.58
02 baseline-first 5673.76 5648.87 4543.20 4543.68 4546.65 4871.66 15032.10 15385.65
03 candidate-first 5664.07 5702.98 4539.84 4559.42 4540.05 4562.06 15050.81 15099.00
04 baseline-first 5676.54 5656.09 4619.87 4543.12 4555.35 4549.55 15069.12 15039.50
05 candidate-first 5851.14 5683.09 4565.03 4542.14 4558.70 4545.82 15287.18 15021.10
06 baseline-first 5679.79 5679.82 4588.80 4547.23 4534.82 4636.46 15050.62 15130.38
07 candidate-first 5662.31 5726.54 4556.31 4533.13 4537.76 4574.80 15044.19 15069.41
08 baseline-first 5690.63 5652.34 4537.43 4556.42 4563.23 4562.70 15079.47 15044.69
09 candidate-first 5648.74 5669.11 4546.61 4545.56 4543.60 4539.61 15033.77 15041.94
10 baseline-first 5690.78 5649.70 4544.83 4534.60 4539.81 4542.47 15112.64 15002.68
11 candidate-first 5656.73 5667.07 4538.65 4532.81 4545.38 4531.54 15089.46 15030.51
12 baseline-first 5678.58 5653.28 4535.30 4539.92 4556.67 4603.50 15043.36 15092.05
13 candidate-first 5655.23 5663.99 4537.84 4530.03 4561.12 4543.13 15061.88 15034.64
14 baseline-first 5678.02 5647.26 4533.04 4530.16 4868.93 4553.26 15418.85 15015.58
15 candidate-first 5665.82 5662.87 4533.98 4530.65 4650.52 4535.46 15174.73 15028.24
16 baseline-first 5691.24 5659.96 4548.15 4527.90 4552.58 4539.76 15098.08 15021.31

keygen_gmean=1.002393383x
encaps_gmean=1.002277113x
decaps_gmean=0.999239678x
roundtrip_gmean=1.002616735x
