baseline_ref=975d2e2d5651c302c895097e9670738582ec8302
candidate_ref=7219cad508ae199475d8b1cc2a2f0404479991b7
baseline_product_sha256=bcbc68b7a6fac3b6d25e02706f244bb0b92a130cb40ec7b1422b69762dbb5168
candidate_product_sha256=827f362023df33ba047637df373b28eee9349448e9becc419b882570fabb792a
common_benchmark_object_sha256=dbb898fba2eaea946e24274382339f6622b8234918377e085850d8ef84f49985
compiler=clang
profile=avx2-only
avx2_backend=core
arch_cflags=-march=x86-64-v3 -mavx2 -mbmi2 -mpopcnt -mno-avx512f
product_core=BABY_MLKEM_DISABLE_INTERNAL_CACHES
iterations=100000
pin_cpu=0
speedup_direction=baseline_time/candidate_time
normal_core_alias_check=PASS
batch=2
warmup_pairs=3
measured_pairs=16
run_order=alternating, odd candidate-first

run order base_keygen candidate_keygen base_encaps candidate_encaps base_decaps candidate_decaps base_roundtrip candidate_roundtrip
01 candidate-first 5656.42 5656.23 4552.44 4529.69 4558.42 4547.65 15045.92 15007.47
02 baseline-first 5672.76 5647.00 4530.58 4534.12 4534.93 4537.44 15057.60 15005.78
03 candidate-first 5655.19 5694.41 4559.93 4528.80 4563.82 4677.39 15091.14 15217.68
04 baseline-first 5683.95 5651.12 4527.26 4533.84 4702.43 4539.33 15149.21 15027.14
05 candidate-first 5675.92 5672.30 4535.17 4548.20 4534.87 4541.05 15046.72 15026.19
06 baseline-first 5672.84 5841.76 4532.47 4650.18 4571.35 4537.61 15074.53 15309.79
07 candidate-first 5727.15 5667.97 4568.10 4536.72 4550.90 4866.92 15183.24 15384.81
08 baseline-first 5681.43 5711.84 4532.15 4546.59 4540.13 4533.33 15047.61 15031.36
09 candidate-first 5648.41 5669.76 4548.05 4532.49 4536.04 4533.18 15017.67 15009.71
10 baseline-first 5672.15 5646.25 4535.80 4553.71 4533.83 4875.10 15046.25 15404.25
11 candidate-first 5651.08 5679.70 4531.38 4546.13 4552.87 4534.76 15042.83 15047.76
12 baseline-first 5686.08 5644.12 4526.52 4540.16 4571.24 4534.24 15070.72 15086.22
13 candidate-first 5665.11 5669.19 4695.81 4536.06 4591.94 4532.96 15244.33 15022.40
14 baseline-first 5675.61 5640.69 4533.74 4531.53 4548.81 4532.10 15036.77 15016.72
15 candidate-first 5654.28 5672.45 4535.91 4529.32 4533.89 4533.72 15045.62 15028.67
16 baseline-first 5680.86 5662.25 4536.08 4782.31 4532.56 4584.99 15039.91 15325.15

keygen_gmean=0.999281160x
encaps_gmean=0.997612315x
decaps_gmean=0.993661094x
roundtrip_gmean=0.997099008x
