baseline_ref=975d2e2d5651c302c895097e9670738582ec8302
candidate_ref=7219cad508ae199475d8b1cc2a2f0404479991b7
iterations=50000
warmup_pairs=2
measured_pairs=18
sample_policy=all_pairs_retained_no_filtering

run order base_keygen candidate_keygen base_encaps candidate_encaps base_decaps candidate_decaps base_roundtrip candidate_roundtrip
01 candidate-first 5670.55 5685.59 4566.08 4545.59 4544.10 4554.46 15075.48 15141.27
02 baseline-first 5701.42 5878.82 4559.63 4564.55 4636.57 4884.17 15090.06 15685.70
03 candidate-first 5665.73 5744.71 4714.73 4624.16 4581.42 4547.18 15271.76 15213.19
04 baseline-first 5689.79 5658.52 4544.32 4550.25 4620.74 4541.83 15065.96 15175.39
05 candidate-first 5656.03 5679.18 4544.19 4536.01 4541.85 4536.21 15030.92 15036.92
06 baseline-first 5712.34 5646.23 4540.60 4546.53 4922.68 4737.49 15485.43 15611.94
07 candidate-first 5681.44 5737.57 4635.92 4549.24 4558.39 4540.56 15183.00 15107.56
08 baseline-first 5704.30 5654.21 4534.24 4536.52 4553.71 4611.34 15130.22 15023.22
09 candidate-first 5651.12 5759.77 4629.79 4542.43 4547.06 4546.80 15140.90 15121.06
10 baseline-first 5667.48 5658.27 4640.50 4779.92 4540.82 4568.97 15067.54 15343.43
11 candidate-first 5671.57 5688.90 4565.54 4552.10 4581.99 4897.33 15150.32 15492.27
12 baseline-first 5708.13 5658.33 4550.04 4564.40 4561.50 4549.08 15097.82 15064.80
13 candidate-first 5654.91 5689.25 4545.91 4581.60 4562.69 4551.48 15043.42 15065.42
14 baseline-first 5731.78 5648.69 4542.21 4543.09 4552.82 4541.74 15126.18 15065.78
15 candidate-first 5661.62 5684.81 4562.71 4538.55 4560.52 4536.24 15112.23 15022.96
16 baseline-first 5704.37 5670.69 4533.88 4558.50 4543.81 4559.59 15036.55 15070.63
17 candidate-first 5837.98 5688.16 4560.97 4547.83 4562.47 4533.06 15262.79 15033.17
18 baseline-first 5728.00 5708.18 4555.75 4651.87 4541.78 4554.66 15113.05 15078.01

keygen_gmean=0.999614712x
encaps_gmean=1.000195054x
decaps_gmean=0.996772198x
roundtrip_gmean=0.996882494x
minimum_operation=decaps
minimum_ratio=0.996772198x
screen_gate=PASS
