baseline_ref=975d2e2d5651c302c895097e9670738582ec8302
candidate_kind=public-prepare-plus-decapsulation-public-d12-x3
candidate_product_sha256=2fda9a1743b04f4774c0c95e2dfecee1a629cc5c768de4cda5269b3f77d48918
candidate_primary_bytes=49330
candidate_primary_delta=-766
iterations=50000
warmup_pairs=2
measured_pairs=18
sample_policy=all_pairs_retained_no_filtering

run order base_keygen candidate_keygen base_encaps candidate_encaps base_decaps candidate_decaps base_roundtrip candidate_roundtrip
01 candidate-first 5652.90 5694.49 4561.64 4555.76 4573.65 4572.02 15145.77 15149.83
02 baseline-first 5945.04 5673.41 4857.16 4585.85 4770.73 4611.17 15944.97 15156.00
03 candidate-first 5653.46 5708.25 4930.56 4557.41 4540.08 4878.59 15498.36 15452.38
04 baseline-first 5722.68 5671.48 4627.29 4712.95 4534.68 4932.94 15180.58 15589.23
05 candidate-first 5724.65 5709.93 4713.07 4542.40 4587.71 4543.50 15358.35 15071.87
06 baseline-first 5715.90 5677.45 4547.78 4559.50 4540.64 4532.64 15087.30 15158.12
07 candidate-first 5684.73 5710.13 4560.54 4550.19 4540.61 4542.20 15155.67 15113.01
08 baseline-first 5959.19 5661.31 4631.21 4629.74 4561.08 4547.08 15471.71 15130.47
09 candidate-first 5672.85 5700.33 4556.46 4924.18 4644.71 4538.75 15160.14 15470.98
10 baseline-first 5677.41 5676.12 4553.42 4734.46 4561.65 4671.56 15128.74 15434.26
11 candidate-first 5690.40 5718.83 4555.52 4570.20 4558.60 4589.25 15149.05 15142.94
12 baseline-first 5704.34 5681.62 4560.39 4565.22 4561.52 4555.60 15128.34 15112.24
13 candidate-first 5713.02 5748.68 4558.97 4608.80 4573.81 4566.67 15120.13 15184.60
14 baseline-first 5695.19 5681.48 4600.72 4558.80 4578.95 4560.91 15168.59 15120.99
15 candidate-first 5818.66 5746.80 4555.37 4574.04 4573.84 4575.81 15186.72 15160.63
16 baseline-first 5969.99 5900.18 4700.85 4588.29 4575.70 4888.64 15542.88 15729.24
17 candidate-first 5897.77 5712.26 4566.48 4560.03 4558.64 4555.04 15350.73 15141.83
18 baseline-first 5730.05 5684.37 4565.68 4604.93 4561.99 4569.33 15277.32 15157.12

keygen_gmean=1.008349481x
encaps_gmean=1.002582700x
decaps_gmean=0.990293311x
roundtrip_gmean=1.002092321x
minimum_operation=decaps
minimum_ratio=0.990293311x
screen_gate=FAIL
candidate=REJECTED
