baseline_ref=f28743a0dd228bbadd38d23adc4fdd3d63a7ebc5
candidate_ref=df1501ffb2efb6cfbc8563b4a7e0d8d93960feec
baseline_binary_sha256=3aa00d4d849b1fd3d0ae457e3ec9c27fc5de2d59d9226ea5e18b791912e55c16
candidate_binary_sha256=efd3eca4d00b861038a21ee71f578d1670f75b5ce8e6d913e8c27abfd47a3947
iterations=2000000
warmup_pairs=3
measured_pairs=32
pin_cpu=0
run_order=alternating, odd candidate-first
speedup_direction=baseline_time/candidate_time

run order baseline_ns candidate_ns ratio baseline_checksum candidate_checksum
01 candidate-first 78.216788 64.613353 1.210535971 27154171 27154171
02 baseline-first 65.173494 64.554124 1.009594585 27154171 27154171
03 candidate-first 64.476793 65.024310 0.991579811 27154171 27154171
04 baseline-first 65.402202 65.308916 1.001428381 27154171 27154171
05 candidate-first 64.198531 65.587935 0.978816165 27154171 27154171
06 baseline-first 64.661130 64.627384 1.000522163 27154171 27154171
07 candidate-first 64.801886 65.201430 0.993872159 27154171 27154171
08 baseline-first 64.902486 64.503659 1.006183014 27154171 27154171
09 candidate-first 64.518461 65.405041 0.986444776 27154171 27154171
10 baseline-first 65.325411 64.478040 1.013142009 27154171 27154171
11 candidate-first 64.770874 65.338897 0.991306511 27154171 27154171
12 baseline-first 65.430449 65.043884 1.005943141 27154171 27154171
13 candidate-first 64.259732 65.598752 0.979587721 27154171 27154171
14 baseline-first 65.128962 64.475922 1.010128432 27154171 27154171
15 candidate-first 65.508627 65.442477 1.001010811 27154171 27154171
16 baseline-first 65.055727 64.569968 1.007522987 27154171 27154171
17 candidate-first 75.211359 65.166788 1.154136352 27154171 27154171
18 baseline-first 66.021265 64.671496 1.020871158 27154171 27154171
19 candidate-first 64.613669 65.959217 0.979600304 27154171 27154171
20 baseline-first 64.930123 73.211303 0.886886592 27154171 27154171
21 candidate-first 64.597795 65.340844 0.988628108 27154171 27154171
22 baseline-first 65.167103 64.865171 1.004654763 27154171 27154171
23 candidate-first 64.264299 65.485857 0.981346232 27154171 27154171
24 baseline-first 65.078241 64.479512 1.009285570 27154171 27154171
25 candidate-first 64.916327 65.569372 0.990040396 27154171 27154171
26 baseline-first 65.333414 64.771520 1.008675016 27154171 27154171
27 candidate-first 64.487118 65.671441 0.981965936 27154171 27154171
28 baseline-first 65.000184 64.505436 1.007669865 27154171 27154171
29 candidate-first 64.465677 65.010759 0.991615511 27154171 27154171
30 baseline-first 65.144305 64.393688 1.011656686 27154171 27154171
31 candidate-first 64.935296 65.157529 0.996589297 27154171 27154171
32 baseline-first 65.493724 64.335741 1.017999062 27154171 27154171
gmean=1.005638165x median=1.001219596x wins=18/32 checksum_matches=32/32
direct_regression_floor=0.995000000x
direct_regression_gate=PASS
direct_ci95_low=0.990275623x
direct_ci95_high=1.024295784x
candidate_first_median=0.990673454x
baseline_first_median=1.008172441x
sample_policy=all_32_pairs_retained_no_filtering
speed_credit=none-order-effect
