batches=3
pairs_per_batch=16
combined_pairs=48
iterations_per_binary=100000
pin_cpu=0
run_order=alternating, odd candidate-first
sample_policy=all_48_pairs_retained_no_filtering
speedup_direction=baseline_time/candidate_time
bootstrap_resamples=20000
regression_floor=0.995000000x

batch run order base_keygen candidate_keygen base_encaps candidate_encaps base_decaps candidate_decaps base_roundtrip candidate_roundtrip
1 01 candidate-first 5671.85 5690.97 4524.61 4537.16 4528.14 4533.30 15050.35 15055.50
1 02 baseline-first 5660.86 5646.22 4551.41 4543.90 4525.70 4510.54 15024.03 15038.53
1 03 candidate-first 5713.19 5667.35 4534.62 4559.71 4525.26 4541.97 15021.81 15080.03
1 04 baseline-first 5668.88 5667.56 4532.85 4563.31 4665.61 4525.78 15168.77 15038.50
1 05 candidate-first 5656.60 5709.33 4530.96 4573.18 4512.41 4521.24 15021.76 15093.82
1 06 baseline-first 5668.55 5653.52 4544.94 4539.67 4851.70 4519.02 15351.67 15084.63
1 07 candidate-first 5649.60 5669.55 4530.15 4556.96 4570.64 4517.06 15037.40 15028.58
1 08 baseline-first 5661.18 5650.11 4538.41 4549.91 4534.85 4858.91 15038.69 15406.97
1 09 candidate-first 5656.72 5661.31 4533.38 4537.78 4519.67 4537.31 15015.03 15105.31
1 10 baseline-first 5664.09 5660.15 4536.98 4537.06 4835.16 4571.51 15339.19 15069.18
1 11 candidate-first 5647.68 5671.93 4528.19 4535.65 4519.09 4557.38 15008.58 15025.00
1 12 baseline-first 5662.66 5650.08 4529.70 4555.71 4514.49 4515.13 14996.96 15010.50
1 13 candidate-first 5671.31 5691.84 4526.11 4536.38 4518.20 4524.50 15025.89 15035.89
1 14 baseline-first 5660.86 5647.27 4542.80 4540.53 4525.62 4523.25 15044.45 15030.52
1 15 candidate-first 5703.11 5701.91 4669.31 4547.61 4628.51 4523.18 15249.84 15060.08
1 16 baseline-first 5684.71 5683.23 4539.84 4540.88 4527.96 4517.14 15092.98 15106.27
2 01 candidate-first 5650.02 5670.39 4546.81 4555.69 4521.95 4554.20 15020.12 15067.48
2 02 baseline-first 5688.00 5696.62 4545.77 4549.74 4523.89 4542.31 15030.65 15085.39
2 03 candidate-first 5688.46 5668.34 4567.15 4538.67 4556.55 4538.53 15099.72 15115.04
2 04 baseline-first 5707.48 5691.84 4566.61 4569.73 4561.83 4661.85 15125.04 15302.17
2 05 candidate-first 5784.57 5692.77 4562.36 4560.72 4570.87 4561.42 15138.10 15109.19
2 06 baseline-first 5713.98 5696.13 4559.30 4661.85 4559.66 4558.39 15095.19 15182.10
2 07 candidate-first 5686.90 5702.53 4594.37 4572.92 4569.57 4570.25 15151.02 15138.24
2 08 baseline-first 5700.70 5684.97 4561.50 4570.26 4556.64 4556.02 15089.48 15107.35
2 09 candidate-first 5675.33 5702.56 4562.92 4574.09 4579.66 4603.17 15106.59 15102.09
2 10 baseline-first 5922.81 5725.92 4563.68 4591.55 4562.90 4566.61 15322.79 15125.78
2 11 candidate-first 5679.13 5719.53 4556.84 4570.50 4564.78 4672.59 15099.40 15232.91
2 12 baseline-first 5721.24 5697.00 4563.23 4560.13 4567.47 4885.50 15120.33 15503.74
2 13 candidate-first 5760.63 5693.16 4653.26 4567.75 4558.54 4547.66 15199.47 15083.92
2 14 baseline-first 5698.37 5682.83 4716.59 4556.13 4604.54 4547.81 15360.60 15082.10
2 15 candidate-first 5703.78 5705.83 4563.23 4565.56 4691.72 4551.50 15114.44 15092.76
2 16 baseline-first 5695.56 5678.59 4559.72 4558.44 4556.36 4556.52 15075.87 15093.89
3 01 candidate-first 5679.55 5723.81 4580.40 4588.87 4678.40 4616.11 15233.09 15196.50
3 02 baseline-first 5708.21 5702.48 4571.67 4567.12 4563.04 4548.93 15110.68 15136.98
3 03 candidate-first 5677.34 5722.22 4573.96 4579.53 4562.31 4556.27 15088.69 15103.96
3 04 baseline-first 5698.14 5678.16 4558.00 4562.34 4546.11 4988.87 15083.25 15581.21
3 05 candidate-first 5676.60 5705.99 4557.76 4561.98 4552.48 4551.32 15089.85 15096.24
3 06 baseline-first 5695.51 5919.04 4564.56 4577.28 4557.29 4594.90 15073.46 15356.93
3 07 candidate-first 5693.50 5694.26 4589.98 4613.08 4574.37 4559.47 15165.38 15208.63
3 08 baseline-first 5702.72 5865.63 4546.95 4559.65 4701.27 4553.92 15237.90 15310.73
3 09 candidate-first 5687.77 5686.95 4562.17 4565.22 4568.80 4551.06 15114.59 15084.78
3 10 baseline-first 5697.56 5676.26 4559.06 4553.57 4551.94 4542.57 15067.19 15052.97
3 11 candidate-first 5680.05 5788.36 4575.89 4575.83 4588.22 4888.53 15120.06 15608.43
3 12 baseline-first 5691.06 5861.26 4552.78 4702.25 4560.77 4543.75 15068.77 15321.87
3 13 candidate-first 5675.21 5686.85 4553.77 4545.23 4547.71 4539.43 15074.11 15042.48
3 14 baseline-first 5687.06 5871.22 4549.95 4556.41 4538.11 4548.08 15037.31 15273.90
3 15 candidate-first 5659.75 5684.39 4547.16 4548.87 4537.64 4535.15 15035.95 15027.83
3 16 baseline-first 5679.00 5711.85 4539.70 4645.86 4533.14 4545.86 15009.49 15189.48

keygen_gmean=0.997679015x
keygen_ci95=0.994320018x..1.000817418x
keygen_wins=24/48
keygen_candidate_first_median=0.996560747x
keygen_baseline_first_median=1.002316495x
encaps_gmean=0.998804022x
encaps_ci95=0.996040620x..1.001682336x
encaps_wins=15/48
encaps_candidate_first_median=0.998907040x
encaps_baseline_first_median=0.999088078x
decaps_gmean=0.998471748x
decaps_ci95=0.990598596x..1.005876242x
decaps_wins=26/48
decaps_candidate_first_median=1.000401958x
decaps_baseline_first_median=1.000207345x
roundtrip_gmean=0.997218785x
roundtrip_ci95=0.994036445x..1.000285106x
roundtrip_wins=18/48
roundtrip_candidate_first_median=0.999617324x
roundtrip_baseline_first_median=0.998534336x
minimum_operation=roundtrip
minimum_ratio=0.997218785x
regression_gate=PASS
speed_credit=NONE_size_only_candidate
